Capital emprunté: 220000.00 €
Taux d'intérêt annuel fixe: 3.50 %
Durée: 240 mois (20 ans)
=> Mensualités: 1275.91 €
=> Coût: 86218.73 €
=> Total: 306218.73 €
Rang Mensualité K amorti Intérêt Restant dû
---- ---------- -------- ------- ----------
   0       0.00      0.00      0.00  220000.00
   1    1275.91    634.24    641.67  219365.76
   2    1275.91    636.09    639.82  218729.66
   3    1275.91    637.95    637.96  218091.71
   4    1275.91    639.81    636.10  217451.90
   5    1275.91    641.68    634.23  216810.22
   6    1275.91    643.55    632.36  216166.68
   7    1275.91    645.43    630.49  215521.25
   8    1275.91    647.31    628.60  214873.94
   9    1275.91    649.20    626.72  214224.75
  10    1275.91    651.09    624.82  213573.66
  11    1275.91    652.99    622.92  212920.67
  12    1275.91    654.89    621.02  212265.78
  13    1275.91    656.80    619.11  211608.97
  14    1275.91    658.72    617.19  210950.26
  15    1275.91    660.64    615.27  210289.62
  16    1275.91    662.57    613.34  209627.05
  17    1275.91    664.50    611.41  208962.55
  18    1275.91    666.44    609.47  208296.11
  19    1275.91    668.38    607.53  207627.73
  20    1275.91    670.33    605.58  206957.40
  21    1275.91    672.29    603.63  206285.12
  22    1275.91    674.25    601.66  205610.87
  23    1275.91    676.21    599.70  204934.66
  24    1275.91    678.19    597.73  204256.47
  25    1275.91    680.16    595.75  203576.31
  26    1275.91    682.15    593.76  202894.16
  27    1275.91    684.14    591.77  202210.02
  28    1275.91    686.13    589.78  201523.89
  29    1275.91    688.13    587.78  200835.76
  30    1275.91    690.14    585.77  200145.62
  31    1275.91    692.15    583.76  199453.46
  32    1275.91    694.17    581.74  198759.29
  33    1275.91    696.20    579.71  198063.09
  34    1275.91    698.23    577.68  197364.87
  35    1275.91    700.26    575.65  196664.60
  36    1275.91    702.31    573.61  195962.30
  37    1275.91    704.35    571.56  195257.94
  38    1275.91    706.41    569.50  194551.53
  39    1275.91    708.47    567.44  193843.06
  40    1275.91    710.54    565.38  193132.53
  41    1275.91    712.61    563.30  192419.92
  42    1275.91    714.69    561.22  191705.23
  43    1275.91    716.77    559.14  190988.46
  44    1275.91    718.86    557.05  190269.60
  45    1275.91    720.96    554.95  189548.64
  46    1275.91    723.06    552.85  188825.58
  47    1275.91    725.17    550.74  188100.41
  48    1275.91    727.29    548.63  187373.13
  49    1275.91    729.41    546.50  186643.72
  50    1275.91    731.53    544.38  185912.19
  51    1275.91    733.67    542.24  185178.52
  52    1275.91    735.81    540.10  184442.71
  53    1275.91    737.95    537.96  183704.76
  54    1275.91    740.11    535.81  182964.65
  55    1275.91    742.26    533.65  182222.39
  56    1275.91    744.43    531.48  181477.96
  57    1275.91    746.60    529.31  180731.36
  58    1275.91    748.78    527.13  179982.58
  59    1275.91    750.96    524.95  179231.62
  60    1275.91    753.15    522.76  178478.46
  61    1275.91    755.35    520.56  177723.11
  62    1275.91    757.55    518.36  176965.56
  63    1275.91    759.76    516.15  176205.80
  64    1275.91    761.98    513.93  175443.82
  65    1275.91    764.20    511.71  174679.62
  66    1275.91    766.43    509.48  173913.19
  67    1275.91    768.66    507.25  173144.53
  68    1275.91    770.91    505.00  172373.62
  69    1275.91    773.15    502.76  171600.47
  70    1275.91    775.41    500.50  170825.06
  71    1275.91    777.67    498.24  170047.39
  72    1275.91    779.94    495.97  169267.45
  73    1275.91    782.21    493.70  168485.23
  74    1275.91    784.50    491.42  167700.74
  75    1275.91    786.78    489.13  166913.95
  76    1275.91    789.08    486.83  166124.87
  77    1275.91    791.38    484.53  165333.49
  78    1275.91    793.69    482.22  164539.80
  79    1275.91    796.00    479.91  163743.80
  80    1275.91    798.33    477.59  162945.47
  81    1275.91    800.65    475.26  162144.82
  82    1275.91    802.99    472.92  161341.83
  83    1275.91    805.33    470.58  160536.50
  84    1275.91    807.68    468.23  159728.82
  85    1275.91    810.04    465.88  158918.78
  86    1275.91    812.40    463.51  158106.39
  87    1275.91    814.77    461.14  157291.62
  88    1275.91    817.14    458.77  156474.47
  89    1275.91    819.53    456.38  155654.95
  90    1275.91    821.92    453.99  154833.03
  91    1275.91    824.32    451.60  154008.71
  92    1275.91    826.72    449.19  153181.99
  93    1275.91    829.13    446.78  152352.86
  94    1275.91    831.55    444.36  151521.32
  95    1275.91    833.97    441.94  150687.34
  96    1275.91    836.41    439.50  149850.93
  97    1275.91    838.85    437.07  149012.09
  98    1275.91    841.29    434.62  148170.80
  99    1275.91    843.75    432.16  147327.05
 100    1275.91    846.21    429.70  146480.84
 101    1275.91    848.68    427.24  145632.17
 102    1275.91    851.15    424.76  144781.01
 103    1275.91    853.63    422.28  143927.38
 104    1275.91    856.12    419.79  143071.26
 105    1275.91    858.62    417.29  142212.64
 106    1275.91    861.12    414.79  141351.51
 107    1275.91    863.64    412.28  140487.88
 108    1275.91    866.16    409.76  139621.72
 109    1275.91    868.68    407.23  138753.04
 110    1275.91    871.22    404.70  137881.83
 111    1275.91    873.76    402.16  137008.07
 112    1275.91    876.30    399.61  136131.77
 113    1275.91    878.86    397.05  135252.91
 114    1275.91    881.42    394.49  134371.48
 115    1275.91    883.99    391.92  133487.49
 116    1275.91    886.57    389.34  132600.91
 117    1275.91    889.16    386.75  131711.76
 118    1275.91    891.75    384.16  130820.00
 119    1275.91    894.35    381.56  129925.65
 120    1275.91    896.96    378.95  129028.69
 121    1275.91    899.58    376.33  128129.11
 122    1275.91    902.20    373.71  127226.91
 123    1275.91    904.83    371.08  126322.08
 124    1275.91    907.47    368.44  125414.60
 125    1275.91    910.12    365.79  124504.49
 126    1275.91    912.77    363.14  123591.71
 127    1275.91    915.44    360.48  122676.28
 128    1275.91    918.11    357.81  121758.17
 129    1275.91    920.78    355.13  120837.39
 130    1275.91    923.47    352.44  119913.92
 131    1275.91    926.16    349.75  118987.76
 132    1275.91    928.86    347.05  118058.89
 133    1275.91    931.57    344.34  117127.32
 134    1275.91    934.29    341.62  116193.03
 135    1275.91    937.02    338.90  115256.01
 136    1275.91    939.75    336.16  114316.27
 137    1275.91    942.49    333.42  113373.78
 138    1275.91    945.24    330.67  112428.54
 139    1275.91    947.99    327.92  111480.55
 140    1275.91    950.76    325.15  110529.79
 141    1275.91    953.53    322.38  109576.25
 142    1275.91    956.31    319.60  108619.94
 143    1275.91    959.10    316.81  107660.84
 144    1275.91    961.90    314.01  106698.93
 145    1275.91    964.71    311.21  105734.23
 146    1275.91    967.52    308.39  104766.71
 147    1275.91    970.34    305.57  103796.37
 148    1275.91    973.17    302.74  102823.19
 149    1275.91    976.01    299.90  101847.18
 150    1275.91    978.86    297.05  100868.33
 151    1275.91    981.71    294.20   99886.62
 152    1275.91    984.58    291.34   98902.04
 153    1275.91    987.45    288.46   97914.59
 154    1275.91    990.33    285.58   96924.27
 155    1275.91    993.22    282.70   95931.05
 156    1275.91    996.11    279.80   94934.94
 157    1275.91    999.02    276.89   93935.92
 158    1275.91   1001.93    273.98   92933.99
 159    1275.91   1004.85    271.06   91929.13
 160    1275.91   1007.78    268.13   90921.35
 161    1275.91   1010.72    265.19   89910.63
 162    1275.91   1013.67    262.24   88896.95
 163    1275.91   1016.63    259.28   87880.32
 164    1275.91   1019.59    256.32   86860.73
 165    1275.91   1022.57    253.34   85838.16
 166    1275.91   1025.55    250.36   84812.61
 167    1275.91   1028.54    247.37   83784.07
 168    1275.91   1031.54    244.37   82752.53
 169    1275.91   1034.55    241.36   81717.98
 170    1275.91   1037.57    238.34   80680.41
 171    1275.91   1040.59    235.32   79639.82
 172    1275.91   1043.63    232.28   78596.19
 173    1275.91   1046.67    229.24   77549.52
 174    1275.91   1049.73    226.19   76499.79
 175    1275.91   1052.79    223.12   75447.01
 176    1275.91   1055.86    220.05   74391.15
 177    1275.91   1058.94    216.97   73332.21
 178    1275.91   1062.03    213.89   72270.19
 179    1275.91   1065.12    210.79   71205.06
 180    1275.91   1068.23    207.68   70136.83
 181    1275.91   1071.35    204.57   69065.49
 182    1275.91   1074.47    201.44   67991.02
 183    1275.91   1077.60    198.31   66913.41
 184    1275.91   1080.75    195.16   65832.67
 185    1275.91   1083.90    192.01   64748.77
 186    1275.91   1087.06    188.85   63661.71
 187    1275.91   1090.23    185.68   62571.47
 188    1275.91   1093.41    182.50   61478.06
 189    1275.91   1096.60    179.31   60381.46
 190    1275.91   1099.80    176.11   59281.66
 191    1275.91   1103.01    172.90   58178.66
 192    1275.91   1106.22    169.69   57072.43
 193    1275.91   1109.45    166.46   55962.98
 194    1275.91   1112.69    163.23   54850.30
 195    1275.91   1115.93    159.98   53734.37
 196    1275.91   1119.19    156.73   52615.18
 197    1275.91   1122.45    153.46   51492.73
 198    1275.91   1125.72    150.19   50367.01
 199    1275.91   1129.01    146.90   49238.00
 200    1275.91   1132.30    143.61   48105.70
 201    1275.91   1135.60    140.31   46970.09
 202    1275.91   1138.92    137.00   45831.18
 203    1275.91   1142.24    133.67   44688.94
 204    1275.91   1145.57    130.34   43543.37
 205    1275.91   1148.91    127.00   42394.46
 206    1275.91   1152.26    123.65   41242.20
 207    1275.91   1155.62    120.29   40086.58
 208    1275.91   1158.99    116.92   38927.59
 209    1275.91   1162.37    113.54   37765.22
 210    1275.91   1165.76    110.15   36599.45
 211    1275.91   1169.16    106.75   35430.29
 212    1275.91   1172.57    103.34   34257.72
 213    1275.91   1175.99     99.92   33081.72
 214    1275.91   1179.42     96.49   31902.30
 215    1275.91   1182.86     93.05   30719.44
 216    1275.91   1186.31     89.60   29533.12
 217    1275.91   1189.77     86.14   28343.35
 218    1275.91   1193.24     82.67   27150.11
 219    1275.91   1196.72     79.19   25953.38
 220    1275.91   1200.21     75.70   24753.17
 221    1275.91   1203.71     72.20   23549.46
 222    1275.91   1207.23     68.69   22342.23
 223    1275.91   1210.75     65.16   21131.48
 224    1275.91   1214.28     61.63   19917.21
 225    1275.91   1217.82     58.09   18699.39
 226    1275.91   1221.37     54.54   17478.02
 227    1275.91   1224.93     50.98   16253.08
 228    1275.91   1228.51     47.40   15024.57
 229    1275.91   1232.09     43.82   13792.49
 230    1275.91   1235.68     40.23   12556.80
 231    1275.91   1239.29     36.62   11317.51
 232    1275.91   1242.90     33.01   10074.61
 233    1275.91   1246.53     29.38    8828.09
 234    1275.91   1250.16     25.75    7577.92
 235    1275.91   1253.81     22.10    6324.11
 236    1275.91   1257.47     18.45    5066.65
 237    1275.91   1261.13     14.78    3805.51
 238    1275.91   1264.81     11.10    2540.70
 239    1275.91   1268.50      7.41    1272.20
 240    1275.91   1272.20      3.71       0.00
----------------------------------------------
      306218.73 220000.00  86218.73           
